"","id","baseMean","baseMeanA","baseMeanB","foldChange","log2FoldChange","pval","padj"
"67","67",80.3738360177429,41.0735038608988,119.674168174587,2.91365861018043,1.54283184848937,0.00292730100563837,0.510638387423556
"71","71",42.7426341638796,62.6287176128334,22.8565507149258,0.364953196969854,-1.45421663590561,0.0113146454336251,0.938292183173563
"131","131",17.5520779262548,9.44527325158924,25.6588826009205,2.71658446690287,1.44179390549897,0.031104928473332,1
"201","201",26.267294058382,37.6320112907132,14.9025768260509,0.39600798136794,-1.33639858740089,0.0266389437796625,1
"204","204",123.398024056803,161.252776413748,85.5432716998583,0.530491775722165,-0.914597709848774,0.0471323089230321,1
"267","267",116.943647539335,68.9627122643499,164.924582814321,2.39150371844609,1.25791803451032,0.0180194313063669,1
"270","270",132.557622177503,87.179195798465,177.936048556542,2.04103796699252,1.02930301935366,0.0309488418811036,1
"290","290",33.3431130244178,17.3927410847636,49.2934849640719,2.83414125029746,1.50291166228751,0.0177070793116914,1
"316","316",78.1044162354734,106.970815518256,49.2380169526914,0.460293928901463,-1.11937268078855,0.0413288328475198,1
"317","317",115.241697438606,173.659793689728,56.8236011874841,0.32721218872924,-1.61170160488487,0.00468630041115427,0.681375650921145
"318","318",68.6775321105268,101.969901696923,35.3851625241309,0.347015755975754,-1.52692692617018,0.0114481130681409,0.938292183173563
"338","338",77.4874919486112,111.978601290825,42.9963826063974,0.383969634472656,-1.38093587229487,0.0191609773317238,1
"509","509",1139.07570886656,765.741880044192,1512.40953768892,1.9750905325978,0.981918783890459,0.0345885054305765,1
"519","519",1197.51806690226,501.351123304773,1893.68501049975,3.77716319456329,1.91730311761471,0.000100997127668301,0.0629212105373514
"549","549",230.791319085034,39.3451146583584,422.23752351171,10.7316378965492,3.42379837647077,0.0267203282824806,1
"562","562",212.224512832144,26.6774004772424,397.771625187046,14.9104342278916,3.89825036788791,0.0369477768758717,1
"635","635",182.872937466538,109.028233796179,256.717641136897,2.35459781561547,1.23548065687916,0.0188529186228729,1
"646","646",4.77788822253875,1.17047139788844,8.38530504718907,7.16404096872111,2.84077358763121,0.015776882697109,1
"692","692",1081.24871071956,1602.76523955114,559.73218188798,0.349229049941671,-1.51775452313757,0.0219635616272831,1
"693","693",440.62101784564,587.897189033829,293.34484665745,0.498973038363296,-1.00296623217141,0.0489187571911605,1
"748","748",30.9340383244723,44.8898330736124,16.9782435753323,0.37822024304458,-1.40270151383535,0.0315910182392948,1
"772","772",41.8836643764428,5.58881452968455,78.178514223201,13.9883894532485,3.80615796292501,0.0406898141369488,1
"778","778",2185.95499890551,3060.63097096631,1311.27902684471,0.428434214802024,-1.22285439641884,0.0295473952870115,1
"779","779",165.55735491544,243.11371785341,88.0009919774702,0.361974604948176,-1.46603960918242,0.0411996952420072,1
"782","782",21.3783917961168,11.4559422858776,31.3008413063559,2.73227994042377,1.45010530499363,0.0308416185018557,1
"799","799",30.7502241836679,18.5493981542435,42.9510502130924,2.31549562179551,1.21132102915567,0.0158278952226309,1
"803","803",89.3853771897217,146.313910843024,32.4568435364195,0.221830196113352,-2.17247233255345,0.00025480126691883,0.101017120457547
"838","838",3.42080266153924,0.608550957026684,6.2330543660518,10.2424526559055,3.35648931909457,0.0301125448921042,1
"860","860",43.7465096877982,27.1549511706011,60.3380682049952,2.22199140870926,1.15185323858276,0.0227578055804626,1
"861","861",41.243505964231,22.1162620869598,60.3707498415022,2.72969951269921,1.44874214696987,0.00535268920177361,0.690044643791604
"863","863",9.60487976655618,5.37043271561079,13.8393268175016,2.5769481809675,1.36566352679285,0.0462658457655333,1
"865","865",71.8318831852049,114.065692955567,29.5980734148429,0.259482694997281,-1.94628976699429,0.0415944517199812,1
"898","898",14.6033912050751,22.18357888277,7.02320352738019,0.316594701174891,-1.65929098550412,0.0314658575585979,1
"929","929",577.365074273259,795.406935317217,359.3232132293,0.451747649253269,-1.14641100109018,0.0280725829260789,1
"1019","1019",97.7955895750308,50.1524125089886,145.438766641073,2.89993560359647,1.53602086389416,0.0495498359941868,1
"1041","1041",122.082078218579,55.0787682750171,189.085388162142,3.43299957649757,1.77946967932113,0.00452797631719773,0.681375650921145
"1042","1042",41.8323538046244,20.5228774203028,63.1418301889461,3.07665581661962,1.6213630593915,0.0163899209784276,1
"1043","1043",90.7320588074585,38.0540041521098,143.410113462807,3.76859457127211,1.91402659694533,0.00240507726625329,0.437022581588775
"1059","1059",28.5243581901883,42.6722062758058,14.3765101045708,0.336905713560958,-1.56958319965368,0.0159428244837344,1
"1060","1060",139.361082382924,193.667226426893,85.0549383389547,0.439180856297655,-1.1871129256225,0.0165681797991558,1
"1106","1106",40.9843176791584,56.9996654810467,24.9689698772701,0.438054673944931,-1.19081714993166,0.0227257658521196,1
"1123","1123",23.6528106478757,12.3599314830464,34.945689812705,2.82733685543796,1.49944377942601,0.0313659252057007,1
"1165","1165",346.356357652776,515.141007073161,177.571708232391,0.344705053168428,-1.53656564698695,0.0108541379779682,0.938292183173563
"1217","1217",956.432601761705,1359.18898249807,553.676221025335,0.407357790678766,-1.29563159502836,0.0354206933888464,1
"1349","1349",575.583403693186,796.949788342587,354.217019043785,0.44446591770913,-1.16985529953805,0.034271941259924,1
"1445","1445",19.9030835291661,29.936290922478,9.86987613585413,0.32969602551675,-1.60079159945273,0.0392620194788267,1
"1454","1454",11.4201150804117,3.22042159593667,19.6198085648868,6.09231058121144,2.60698949116075,0.0496819871185488,1
"1504","1504",3.88419231535093,1.30150769252676,6.4668769381751,4.96875813743384,2.3128853180166,0.0475177144814271,1
"1535","1535",5.72546481901381,2.34094279577688,9.10998684225074,3.89158883279223,1.96035928971118,0.043535173358696,1
"1568","1568",4.89085535117936,0.262072589276645,9.51963811308208,36.324432628981,5.18286835868497,0.00191035819854159,0.378685095629084
"1571","1571",1358.29950186995,910.172207940184,1806.42679579972,1.98470880569717,0.988927352258023,0.0388564346466716,1
"1589","1589",86.6523499009206,50.4814792513479,122.823220550493,2.43303529080348,1.28275724649826,0.0137382561796913,0.966331212897317
"1631","1631",40.653220368251,64.4506667300259,16.8557740064761,0.261529862477333,-1.93495240658645,0.0333853378706432,1
"1632","1632",352.342795875787,527.626767686793,177.05882406478,0.335575893620858,-1.57528901261014,0.0190078081999154,1
"1655","1655",91.0004948201679,61.5497507650366,120.451238875299,1.95697362504547,0.968624312289442,0.0493393792632855,1
"1691","1691",36.9672288045439,17.8908699648566,56.0435876442312,3.13252445265764,1.64732577134768,0.0114560449348558,0.938292183173563
"1714","1714",16.3195993732074,24.8102202884309,7.82897845798397,0.315554572549872,-1.66403856594359,0.0361290955119239,1
"1715","1715",27.7517226899272,42.8669981002426,12.6364472796118,0.2947826495819,-1.7622764825941,0.0166990137978341,1
"1795","1795",174.017135311159,105.47492134052,242.559349281799,2.29968741572899,1.20143777663713,0.0438769490062031,1
"1796","1796",35.3435532144902,21.5563609796881,49.1307454492923,2.27917622531867,1.18851247772485,0.0389759384577356,1
"1815","1815",34.5730168144153,48.7143960151327,20.431637613698,0.419416831265877,-1.25354333670374,0.0430825742896159,1
"1862","1862",89.7811840100714,46.7159993768311,132.846368643312,2.84370173849255,1.50777015589864,0.0122625094513117,0.957549745078631
"1863","1863",26.6170231336516,14.0634033133446,39.1706429539586,2.78528902863719,1.47782704338069,0.0301704231440785,1
"1900","1900",37.1193687414937,21.4076862392776,52.8310512437098,2.4678543329348,1.30325724077797,0.0294457905838847,1
"1922","1922",1192.47234363526,1825.30336763235,559.641319638176,0.306601811820521,-1.70556187246094,0.00200858638329392,0.380845444241078
"1924","1924",999.757718750029,1380.45890870589,619.056528794164,0.448442561303397,-1.15700488528238,0.0257010917915006,1
"1933","1933",18.1781620127997,8.03925899502318,28.3170650305761,3.52234765021331,1.81653730794443,0.0315228888113935,1
"1937","1937",72.899237219235,44.3224745210246,101.475999917445,2.28949310736949,1.19502822171431,0.0307291451226345,1
"1938","1938",73.0728357227474,41.7548801513969,104.390791294098,2.50008599990212,1.32197772268669,0.0226384514532535,1
"1943","1943",201.076368655458,127.394885701591,274.757851609324,2.15674161561646,1.10885334747779,0.0415236933353973,1
"1944","1944",108.62269384809,63.2306955009456,154.014692195234,2.43575831287401,1.2843709895183,0.0223933591251478,1
"2084","2084",1468.56575131823,99.9034586448501,2837.22804399162,28.3996978931207,4.82780367777173,0.0454561984115439,1
"2097","2097",154.391780583339,56.7416094345505,252.041951732127,4.44192461658756,2.15118490927433,0.00144216618066794,0.331015090204888
"2098","2098",215.767053894937,48.7624243398379,382.771683450037,7.84972627247576,2.97264234671419,0.00157395956760483,0.343201883716233
"2136","2136",67.5268825175185,98.9767171689162,36.0770478661207,0.364500348142995,-1.45600790238198,0.0129393694203731,0.961553246668325
"2235","2235",1553.93549870488,2402.81243077581,705.058566633954,0.293430547305063,-1.76890902567738,0.00139341827547785,0.331015090204888
"2288","2288",404.884952691041,211.45381337608,598.316092006002,2.829535596702,1.50056528722185,0.0355618335426104,1
"2427","2427",10.5571598295047,16.5422183240261,4.57210133498334,0.276389855666622,-1.85522342940733,0.0216942326862147,1
"2535","2535",13.1903297785196,21.853890615361,4.52676894167831,0.207137896924243,-2.27133656883763,0.00615854904925874,0.725876551454523
"2622","2622",41.5565840759083,19.9633112263237,63.1498569254929,3.16329571830866,1.66142843141494,0.00463325225967736,0.681375650921145
"2731","2731",89.0116620848236,62.4731831917512,115.550140977896,1.84959585976648,0.887210073549712,0.0209164426748444,1
"2775","2775",20.1596928085203,11.5855087100349,28.7338769070056,2.48015668764872,1.31043126793192,0.0406022772666009,1
"2800","2800",204.641883952902,92.6352773426487,316.648490563155,3.41822791107867,1.7732485922221,0.000939722991249637,0.292723711774262
"2801","2801",65.0823512762172,34.6043261546528,95.5603763977816,2.76151530796194,1.46546012475084,0.0093506709312981,0.906183909586467
"2816","2816",317.089489958488,153.835727090438,480.343252826538,3.12244276353405,1.64267512650981,0.00732652547408602,0.779292136402174
"2817","2817",160.293218356784,92.4060193051228,228.180417408446,2.46932417524662,1.30411624730297,0.0116183852078359,0.938292183173563
"2818","2818",341.508576356977,201.16821227078,481.848940443174,2.39525387736004,1.26017857796435,0.0124915757118364,0.957549745078631
"2819","2819",32.8598445610279,15.341284985264,50.3784041367918,3.28384513977692,1.71538609381982,0.0052181533915198,0.690044643791604
"2821","2821",20.5709227421006,6.41280755982295,34.7290379243782,5.41557462942753,2.4371144257453,0.000221863235992444,0.0967545572163049
"2822","2822",12.6521140577131,3.94082846940774,21.3633996460185,5.42104276089671,2.43857038687023,0.0012614429133124,0.323597208526788
"2825","2825",441.268571789727,115.643922785364,766.893220794089,6.63150472867862,2.72933626374551,8.14379150759464e-06,0.00887876869115506
"2826","2826",731.226667331006,163.949196099732,1298.50413856228,7.92016166869393,2.9855298793254,3.47664378637466e-06,0.00505388118412664
"2827","2827",65.8656184043436,13.3409050443427,118.390331764344,8.87423539638702,3.14962282233731,0.000199768441460404,0.0967545572163049
"2828","2828",51.9191677569153,12.2155942921382,91.6227412216925,7.50047349564153,2.90698167404206,1.41771376916793e-06,0.00309132487367067
"2834","2834",4.54823994111188,1.51694976563848,7.57953011658528,4.99655973340361,2.3209351021206,0.0495295177055071,1
"2835","2835",5.35930315989255,1.38591347100016,9.33269284878495,6.73396503033476,2.75145622923007,0.00642829800506934,0.737731778950195
"2836","2836",5.58495931827215,1.99446442802684,9.17545420851746,4.60046019351415,2.20177818414639,0.0381730145330059,1
"2838","2838",19.9033777595293,6.72151066526452,33.0852448537941,4.92229299356354,2.29933053503714,0.0011893647912452,0.323597208526788
"2842","2842",260.195614455351,100.767210239917,419.624018670786,4.16429131730156,2.0580709973898,0.000192501783675042,0.0967545572163049
"3027","3027",237.68890902164,314.119889162669,161.257928880612,0.513364274100783,-0.961945195099905,0.0328691273566577,1
"3048","3048",350.879692463599,204.273947938227,497.485436988971,2.43538366987166,1.28414907210979,0.0130088607093399,0.961553246668325
"3126","3126",79.1552384643523,127.681385991377,30.6290909373278,0.239886892670451,-2.05957376341669,0.00537984817448166,0.690044643791604
"3131","3131",53.7090187870069,24.4170753735456,83.0009622004683,3.39929991330553,1.76523765353909,0.00696056166578324,0.778333574986685
"3132","3132",117.433721246924,56.892554089338,177.974888404509,3.12826328951652,1.64536194183149,0.00582313987419028,0.705408694203994
"3216","3216",50.9448491641973,92.0666995003667,9.82299882802796,0.10669437355022,-3.22844399618726,2.69729016894927e-07,0.00117628824267878
"3218","3218",7.14079392597601,11.8461114288306,2.43547642312147,0.205592901751212,-2.28213763962165,0.0187531918918937,1
"3248","3248",125.690559958918,71.8053812372018,179.575738680634,2.50086742228167,1.32242857839592,0.0246329955675729,1
"3261","3261",158.684755982936,242.992635738846,74.376876227027,0.306086956095916,-1.70798652920149,0.00726173436630527,0.779292136402174
"3303","3303",246.072268424735,142.327454961323,349.817081888147,2.45783276306886,1.29738675456355,0.0144488138664242,1
"3304","3304",163.573886390515,88.8716726778406,238.276100103189,2.68112541289662,1.42283870471111,0.00781465488090505,0.800358356112751
"3305","3305",293.600485855814,155.06388374679,432.137087964839,2.78683261068382,1.47862635049026,0.00534928803304395,0.690044643791604
"3306","3306",158.321973307319,55.0720527182268,261.57189389641,4.74963036578152,2.2478152418217,1.91905765410238e-05,0.016738020859081
"3307","3307",404.167870729317,223.290236748199,585.045504710435,2.6201123400222,1.38962867012851,0.00984752470187988,0.933588157063003
"3309","3309",1293.66300089433,531.239518536587,2056.08648325207,3.87035680048051,1.95246657168131,6.54556996489275e-05,0.0475753843614955
"3320","3320",22.6488523175649,35.9554401352769,9.3422644998529,0.259828956750468,-1.94436587336887,0.00560505409442806,0.698389740165736
"3345","3345",21.2458708267719,31.4119401907665,11.0798014627772,0.352725791386616,-1.50338102509097,0.0382420013891676,1
"3371","3371",163.714853632659,72.6925803340296,254.737126931288,3.50430712131479,1.80912921985379,0.00177884969397417,0.369407786448636
"3374","3374",24.414777384984,36.8431886952137,11.9863660747543,0.325334654769213,-1.62000358790708,0.0398670258531136,1
"3402","3402",38.7954289715031,18.2299989802015,59.3608589628047,3.25621844670825,1.7031974875069,0.0167348129805883,1
"3403","3403",373.529620801213,532.073477311196,214.98576429123,0.404052773646318,-1.30738435808478,0.0125155550262513,0.957549745078631
"3474","3474",245.746456876101,401.960484101553,89.5324296506492,0.222739381585652,-2.16657143754583,0.0106653957515077,0.938292183173563
"3475","3475",464.656625578641,669.860280299361,259.452970857921,0.38732401142216,-1.3683871535885,0.0296882252303608,1
"3502","3502",73.9927907420102,45.4089110847025,102.576670399318,2.25895464015816,1.17565530168456,0.00789163249549376,0.800358356112751
"3531","3531",27.9809836081926,13.3978967158155,42.5640705005697,3.17692182611955,1.66762959037963,0.00922400440388573,0.906183909586467
"3598","3598",196.586057005311,113.982803713104,279.189310297517,2.44939851629057,1.29242751898254,0.02785262428422,1
"3603","3603",10.7136924243484,1.82418300059903,19.6032018480978,10.746291266644,3.42576694126931,0.000401589396455883,0.145944279828675
"3604","3604",7.44665764857624,2.30022779250638,12.5930875046461,5.47471322000001,2.45278339450013,0.0237275038934434,1
"3704","3704",49.0139177941467,66.7849881553529,31.2428474329406,0.467812427551302,-1.09599790714211,0.0448297212242216,1
"3776","3776",112.043449420412,153.388210093601,70.6986887472228,0.460913447676851,-1.11743223432133,0.0310892415659797,1
"3778","3778",387.678307652206,663.771437251102,111.585178053311,0.168107833195447,-2.57254114456116,0.0209603177765384,1
"3779","3779",716.635882860821,980.320548187645,452.951217533998,0.462043989969797,-1.11389788157924,0.0213412058783764,1
"3842","3842",125.57218254379,171.049488743645,80.094876343935,0.468255572888469,-1.09463193025201,0.03443581514527,1
"3883","3883",117.550688455649,63.3893964833714,171.711980427926,2.70884390692961,1.43767726279549,0.0417583380006256,1
"3936","3936",177.683802311291,71.1628791352304,284.204725487352,3.99372157142883,1.99773375653735,0.000516002608007759,0.173099028732449
"4025","4025",29.6852245417362,49.9309124351066,9.43953664836576,0.189051955752541,-2.40314532072806,0.00118234380235144,0.323597208526788
"4090","4090",81.561813907102,120.360514536235,42.7631132779695,0.355291878260421,-1.49292338490479,0.0246890656040338,1
"4130","4130",7.96666626565392,13.5230535285297,2.41027900277812,0.178234819354455,-2.48814889044652,0.0112442532869558,0.938292183173563
"4220","4220",1063.51690413634,1626.4297043154,500.604103957276,0.307793261909215,-1.69996644579617,0.0046872895041583,0.681375650921145
"4234","4234",12.0853327191268,5.67913582105236,18.4915296172012,3.25604637745302,1.70312124875802,0.0416689716359603,1
"4259","4259",465.195424874851,694.80812066046,235.582729089242,0.339061565465448,-1.56038083884907,0.0136522686694211,0.966331212897317
"4260","4260",241.403270432786,342.522369793232,140.28417107234,0.409562070813139,-1.28784598009512,0.0331604633923198,1
"4266","4266",247.732365371752,177.730642224056,317.734088519448,1.78772824170014,0.838127444491308,0.0484760910742134,1
"4277","4277",1893.98725943517,2568.11118326881,1219.86333560154,0.475004097777744,-1.07398813551087,0.0441717855752555,1
"4383","4383",2382.18045204741,3338.24470395865,1426.11620013617,0.427205410809165,-1.22699817516032,0.0477687458149755,1
"4454","4454",17.735487409537,32.0332065499837,3.43776826909033,0.10731889309071,-3.220024015355,0.00331224797124166,0.555565900099418
"4462","4462",379.324122142349,224.811343908489,533.836900376209,2.37459948014684,1.24768419692407,0.0135221584785403,0.966331212897317
"4463","4463",625.670667677159,417.36849462525,833.972840729069,1.99816912744668,0.998678699748002,0.0283718725226453,1
"4464","4464",349.671898739023,224.231640897973,475.112156580073,2.11884529175903,1.08327825266514,0.0216097191558222,1
"4465","4465",469.601213615601,316.525733860717,622.676693370485,1.96722296723112,0.976160483538403,0.0305334890902915,1
"4466","4466",292.369557458066,174.313002494859,410.426112421272,2.35453527015793,1.23544233389283,0.0102105028262786,0.938292183173563
"4467","4467",425.3178453253,283.577735588058,567.057955062542,1.99965612210926,0.999751923208538,0.0250879161877632,1
"4468","4468",474.26943674541,302.523360886025,646.015512604795,2.13542356105246,1.09452225664816,0.0218627600208084,1
