"","id","baseMean","baseMeanA","baseMeanB","foldChange","log2FoldChange","pval","padj"
"67","67",92.9841765589745,54.2306687918835,131.737684326066,2.42921002563373,1.28048722848398,0.00860617336241698,1
"100","100",42.8490763330298,21.4041931096864,64.2939595563731,3.00380206938411,1.5867897519581,0.0311013122493684,1
"131","131",23.373255171771,12.4778823860955,34.2686279574466,2.74634965269693,1.45751531452321,0.0416986045539555,1
"267","267",155.108072497505,91.1540604886344,219.062084506376,2.4032070906341,1.26496097462576,0.0288410017333245,1
"268","268",206.92588290195,137.312954948193,276.538810855706,2.01393095764373,1.01001422516577,0.0372183357424886,1
"270","270",205.31748736032,115.087469114066,295.547505606573,2.56802506720907,1.36065928507771,0.0047477472368607,1
"315","315",267.450730203996,328.999998736925,205.901461671066,0.625840311433279,-0.676133506887236,0.0492497811851361,1
"316","316",103.579630357505,141.445364871698,65.7138958433114,0.464588542034721,-1.10597452092473,0.0100667128677498,1
"317","317",171.442781142201,229.659230624762,113.22633165964,0.493018858208401,-1.02028526344969,0.0183206872176999,1
"318","318",100.469183653469,134.802253340731,66.1361139662057,0.490615789626584,-1.02733442958254,0.0315230974704304,1
"450","450",3.03998796559352,0.735714383091425,5.34426154809562,7.26404386120518,2.86077291382819,0.0292063423729359,1
"692","692",1350.99063591638,2119.48264221077,582.498629621976,0.274830573282916,-1.86338559047596,0.00683466150462388,1
"693","693",511.831827494,777.324613374216,246.339041613785,0.316906267182863,-1.65787190394528,0.00342265902381659,1
"694","694",72.8178332313105,110.095786991969,35.5398794706523,0.322808714499174,-1.63124856895122,0.0175828215049474,1
"764","764",280.646157153979,143.115484477428,418.176829830529,2.92195377290907,1.54693335400644,0.0191992731232523,1
"781","781",938.887782574353,1248.17957754563,629.595987603082,0.504411383529521,-0.987327260188181,0.0283252440710766,1
"803","803",132.465863550281,193.483089585134,71.4486375154269,0.36927587660827,-1.43722907505805,0.0201726981557529,1
"907","907",5930.53797913326,7826.45828448986,4034.61767377666,0.515510020895696,-0.955927622762435,0.0342233911401224,1
"1180","1180",191.592776793101,270.412131022792,112.773422563409,0.417042764083332,-1.26173276788966,0.0100434465413339,1
"1215","1215",6226.89628688934,9432.36442837633,3021.42814540235,0.320325637155482,-1.6423888265377,0.00928893924344246,1
"1275","1275",288.931364713377,165.481141984753,412.381587442,2.49201560066582,1.31731310003638,0.0161658647130677,1
"1276","1276",358.261691938166,189.379743518494,527.143640357839,2.78352705819544,1.47691410746623,0.0223816717296176,1
"1352","1352",180.218615534046,255.564792764712,104.87243830338,0.410355578203337,-1.28505353005937,0.0350164614525933,1
"1547","1547",4.87542041815118,1.44084789615154,8.30999294015083,5.76743246969131,2.52792920663053,0.030828549133392,1
"1568","1568",4.76743778106613,0.349172866601458,9.18570269553081,26.3070346356989,4.71737673003198,0.00459648122189776,1
"1592","1592",107.834324116399,151.161165737123,64.5074824956742,0.426746394691451,-1.2285491299946,0.0183172559992834,1
"1632","1632",480.481659579796,697.137173328406,263.826145831187,0.378442229054545,-1.40185501189632,0.0213754618127725,1
"1774","1774",70.5298818316717,36.4600735948018,104.599690068542,2.86888313038003,1.52048919827201,0.0385212373278822,1
"1883","1883",38.6074512500079,18.8275137542391,58.3873887457767,3.1011736073028,1.63281429195637,0.0391390818524837,1
"1921","1921",756.692147746809,997.524525061107,515.859770432512,0.517139937387415,-0.951373370135896,0.0417992748131473,1
"1922","1922",1635.63475126407,2411.85916781701,859.410334711139,0.356326914182554,-1.48872663726166,0.0223142934818994,1
"1924","1924",1354.26112079658,1826.43607518253,882.08616641063,0.482954853113312,-1.0500397634532,0.0426502821825663,1
"1933","1933",25.7769006369631,10.6613340150261,40.8924672589002,3.83558635357135,1.93944714219414,0.017422290124411,1
"2111","2111",188.131196457751,127.537505148273,248.724887767228,1.95020976361475,0.963629307898515,0.0240537149250296,1
"2133","2133",66.4088160972303,94.5853943683944,38.2322378260661,0.404208684452463,-1.3068277764307,0.0333210247454068,1
"2137","2137",239.635606214524,156.411520930353,322.859691498695,2.06416822481036,1.04556055177365,0.0293350456889756,1
"2319","2319",8.40260107161712,3.64799104542582,13.1572110978084,3.60670049185184,1.85067962360767,0.0102765433406229,1
"2322","2322",1014.83959677445,1302.6271810944,727.052012454505,0.558142823216445,-0.841293754229461,0.0254226951859433,1
"2518","2518",58.8075279372197,79.3697711339665,38.2452847404728,0.481862101831179,-1.05330775645785,0.0249185681694315,1
"2601","2601",2586.09388497623,3451.60400922678,1720.58376072569,0.498488168435964,-1.00436883207197,0.00699297444245434,1
"2608","2608",2357.77117067995,3115.10343304447,1600.43890831544,0.513767501694571,-0.960812459274762,0.0204569266519479,1
"2609","2609",1934.69743522166,2344.26156331095,1525.13330713238,0.650581543886398,-0.620198199224032,0.0470760227738795,1
"2821","2821",17.1579990514813,8.48681102146524,25.8291870814974,3.04345024487631,1.6057077804512,0.0209745055613831,1
"2826","2826",396.410592477183,216.740921245588,576.080263708778,2.65792108106814,1.41029826878191,0.0273319829393114,1
"2925","2925",166.697762160912,90.4659069762419,242.929617345582,2.68531677253156,1.42509228530716,0.0100412225407785,1
"3029","3029",5288.54600116276,2558.71796492645,8018.37403739906,3.13374672289431,1.64788858236624,0.017795904926022,1
"3048","3048",503.545626559254,270.011921123191,737.079331995317,2.72980292473469,1.44879680104594,0.00539272349649837,1
"3132","3132",127.574746485898,75.3379266784946,179.811566293301,2.38673367081959,1.25503758894809,0.0443711369884371,1
"3216","3216",77.3395981411988,121.892139100784,32.7870571816135,0.26898418079696,-1.89440676581128,0.000713800135706192,1
"3248","3248",164.642900179096,94.9908834498862,234.294916908306,2.46649897757727,1.30246468930098,0.0154057078667764,1
"3261","3261",193.829556277273,321.244941660234,66.4141708943126,0.206739974024419,-2.27411072813156,0.000932644886643571,1
"3628","3628",5419.12096459476,3286.8467259913,7551.39520319821,2.29745888163396,1.20003904136475,0.00831412485268862,1
"3652","3652",6935.01942991603,10788.2118374167,3081.82702241531,0.285666157548614,-1.80759796245888,0.0343689271959805,1
"3754","3754",178.293954215436,104.319999356125,252.267909074747,2.41821233351009,1.27394092740454,0.0383299160863963,1
"3845","3845",482.247926293487,614.706909762656,349.788942824318,0.569033692755097,-0.813414017168155,0.0463457704607678,1
