"","id","baseMean","baseMeanA","baseMeanB","foldChange","log2FoldChange","pval","padj"
"65","65",13.2679265680036,2.0098897294575,24.5259634065498,12.2026412927488,3.60912155148828,0.0217089089330835,1
"284","284",154.658997938613,5.59940973024358,303.718586146982,54.2411791204588,5.76131663569105,0.0158862846190947,1
"300","300",333.253650911457,70.3257680208043,596.181533802109,8.4774265618506,3.0836263815435,0.0433426442968197,1
"402","402",13.4979374860682,23.4688727739092,3.52700219822711,0.150284260867788,-2.73423416984451,0.0202475604444986,1
"403","403",69.0884147342359,129.726220173596,8.4506092948756,0.0651418755866564,-3.94027093088504,0.0195813098953348,1
"551","551",43.3902968387308,6.56351118801837,80.2170824894431,12.2216722409004,3.61136979154958,0.0404802435392641,1
"553","553",248.911956389914,30.5799932539115,467.243919525916,15.2793990386558,3.93351589604891,0.0344265136918592,1
"706","706",18.7582149970036,5.87360192793053,31.6428280660767,5.38729530096459,2.42956114770174,0.0201898724197182,1
"770","770",5.12741126016369,0.96255390827416,9.29226861205323,9.65376435769097,3.27109161193481,0.0378037696351483,1
"885","885",864.060530041176,87.407639716365,1640.71342036599,18.7708239884986,4.23042007686374,0.026646975791286,1
"901","901",10.4928432978316,0.911844116170723,20.0738424794924,22.0145550357799,4.46038577930928,0.0113545439460751,1
"1015","1015",4.90445999739344,9.62239797682029,0.186522017966585,0.0193841512703905,-5.68897862129922,0.0466591219419776,1
"1022","1022",6545.32798486671,263.756110606595,12826.8998591268,48.6316689673165,5.60382419848442,0.00313330126834395,0.988150469416366
"1347","1347",470.762714181001,23.1101937223744,918.415234639627,39.7406982248899,5.31254531515328,0.00240427229821306,0.988150469416366
"1380","1380",55.3070244567212,5.70563165853286,104.90841725491,18.3868191172168,4.20060001287856,0.00794913736802841,1
"1383","1383",715.158667462583,19.6156513983721,1410.70168352679,71.9171469189073,6.16826388259749,0.000158007248723062,0.270434401375009
"1397","1397",168.750609349478,6.82825839312104,330.672960305835,48.427130502115,5.597743615006,0.0134113946871675,1
"1398","1398",110.054362686186,2.38142826373885,217.727297108633,91.4271911625002,6.51455139278862,0.0089108358594932,1
"1399","1399",26.9702105962673,2.63811833017735,51.3023028623573,19.4465510798026,4.28144240530333,0.0117508487906056,1
"1400","1400",11.3504315881409,0.0776352411158109,22.623227935166,291.404104759825,8.18687738932861,0.00896889179233887,1
"1401","1401",66.4687337925591,11.7764736325844,121.160993952534,10.288393430211,3.36294581266601,0.0237603359099526,1
"1456","1456",11.4825924747482,4.89520712656901,18.0699778229273,3.69136123471702,1.88415292588864,0.0393236568770935,1
"1522","1522",4.25386389062745,0,8.5077277812549,Inf,Inf,0.0151364828124012,1
"1580","1580",628.659919385113,161.42393857444,1095.89590019579,6.78893050110046,2.76318431640109,0.0278816828135828,1
"1648","1648",26.6812129000649,9.46626303463792,43.896162765492,4.63711631558006,2.21322791515451,0.0204426617730674,1
"1649","1649",73.6828761729734,26.011943088283,121.353809257664,4.66531119362348,2.22197331741647,0.00530595219752087,1
"1650","1650",88.5410537028545,35.6944741749707,141.387633230738,3.96105101696331,1.98588328277396,0.0369754443084243,1
"1651","1651",68.0462768722158,27.2374692748383,108.855084469593,3.99651977102559,1.99874422635263,0.0135405659634721,1
"1652","1652",205.95832938103,70.5666641586625,341.349994603398,4.83726981674951,2.27419301172009,0.00626086345582106,1
"1653","1653",104.727560257277,23.3959478630357,186.059172651519,7.95262383643288,2.99143093225571,0.00495602698990015,1
"1716","1716",180.779811291485,9.75930186785272,351.800320715116,36.0476933164606,5.17183503958578,0.0210339064077898,1
"1717","1717",497.241677983469,41.200589141412,953.282766825527,23.1376003763828,4.53216734374909,0.0306781091730882,1
"1868","1868",44.2689824654867,3.60781891024488,84.9301460207284,23.5405789851475,4.55707789906698,0.0180373940053714,1
"1869","1869",71.2632808977133,5.8141979145331,136.712363880894,23.5135380478138,4.55541973043279,0.00317952345939534,0.988150469416366
"1985","1985",69.3103856102374,1.78012511203137,136.840646108443,76.8713643684791,6.26437436957168,0.0115753753580119,1
"2067","2067",13.1943144953696,2.91144606791354,23.4771829228256,8.06375332916618,3.01145150736069,0.0101166687376651,1
"2077","2077",233.557647038111,24.1733027549047,442.941991321316,18.3236025218542,4.19563126805296,0.0322721297864573,1
"2079","2079",3379.39242263522,993.275098277897,5765.50974699254,5.80454473990999,2.53718291855845,0.0476908236619268,1
"2097","2097",56.9894039121742,32.8656930695763,81.1131147547722,2.46801777717137,1.30335278628012,0.0284764911234674,1
"2165","2165",195.778718746988,20.6643317238348,370.893105770141,17.9484684395742,4.16578883760416,0.00741687245260013,1
"2166","2166",101.08822495641,5.97260950268603,196.203840410133,32.8506058067073,5.03784807080098,0.00257915688065901,0.988150469416366
"2167","2167",40.010909836228,2.03681517846987,77.9850044939861,38.2877176674279,5.25880975852227,0.00184141501432776,0.988150469416366
"2168","2168",48.7722971091962,4.22095738916765,93.3236368292247,22.1095898927394,4.46660035996921,0.00205415432993546,0.988150469416366
"2169","2169",37.8086224842802,1.10118671920808,74.5160582493523,67.6688675494928,6.08042033987933,0.000186463618507246,0.270434401375009
"2173","2173",55.9583069708815,6.74108614558084,105.175527796182,15.6021634384736,3.9636741858692,0.0240029705220967,1
"2275","2275",4.76728649130942,0.601303151707479,8.93326983091137,14.8565158947599,3.89302391394653,0.0435017122574633,1
"2301","2301",251.230114067427,58.7827731273232,443.67745500753,7.54774624270494,2.91604591995145,0.0079699606206732,1
"2486","2486",16591.2825444497,1850.75397901279,31331.8111098867,16.9292145067273,4.08144313052264,0.0184935781863251,1
"2515","2515",122.223250999852,13.8536891506227,230.59281284908,16.6448669622933,4.05700543435882,0.0227279683557469,1
"2516","2516",32.3584187554972,5.21043674645419,59.5064007645403,11.420616670001,3.51356864775384,0.0213253914612126,1
"2553","2553",18.9584929857865,4.29470075307187,33.6222852185011,7.8287841578839,2.96878826848784,0.0329750645215872,1
"2845","2845",94.5448581475787,4.81591064729211,184.273805647865,38.2635433137612,5.25789857245259,0.0414054673103989,1
"2846","2846",173.197629012408,8.36753433180127,338.027723693014,40.3975305375589,5.3361951999905,0.038567757617795,1
"2847","2847",106.903151550691,0.155270482231622,213.651032619151,1375.99258757013,10.4262569829691,0.00308940235450448,0.988150469416366
"2848","2848",420.536675352263,3.26869125860817,837.804659445919,256.311958873308,8.00175698250768,0.00744855098399234,1
"2849","2849",178.406728472364,40.5940956151336,316.219361329594,7.78978707464311,2.96158389432613,0.0175213600282204,1
"2883","2883",12.6891676615364,2.47570117615236,22.9026341469205,9.25096872253173,3.20960444649555,0.00746089856318849,1
"2884","2884",244.54046498104,25.6204904133019,463.460439548779,18.0894445060332,4.17707620098383,0.00306695943350388,0.988150469416366
"2885","2885",263.747516077474,15.1933347085509,512.301697446396,33.7188449589063,5.07548321240702,0.00029032593738568,0.315802038391273
"2985","2985",4.78471256497616,0.523667910591668,9.04575721936066,17.2738429000553,4.11051716884319,0.00833621773368671,1
"2989","2989",29.0748692373734,3.55945344585241,54.5902850288945,15.336704316924,3.93891659230088,0.0350991129915026,1
"2990","2990",54.1995433791243,4.72878440667197,103.670302351577,21.9232456876878,4.45438949678502,0.0356486328860871,1
"2992","2992",28.8594215561733,1.59792918078738,56.1209139315592,35.1210270181721,5.13426312803967,0.00015702448380695,0.270434401375009
"3099","3099",57.7687525843887,7.14983790658924,108.387667262188,15.1594579734876,3.92214626574854,0.0311567774801881,1
"3216","3216",31.0271739305551,54.0817786296143,7.97256923149583,0.147416919959252,-2.76202597384388,0.0248455164673367,1
"3277","3277",182.684786128304,21.7164915639209,343.653080692687,15.8245211792692,3.98408994191888,0.00145336882364043,0.988150469416366
"3302","3302",235.723048656065,29.2239617341062,442.222135578024,15.1321761095082,3.91954756668835,0.0227767943112673,1
"3391","3391",110.950786207076,200.72439266596,21.1771797481913,0.105503767962241,-3.24463357061492,0.0372411355471108,1
"3443","3443",71.2730028967562,8.11878771536648,134.427218078146,16.5575480959694,4.04941714383059,0.0225586637966723,1
"3519","3519",113.14370250952,35.0293950883255,191.258009930714,5.45992899530417,2.44888218946223,0.0148369333778773,1
"3736","3736",253.712438005386,26.4637805825522,480.961095428219,18.1743154167973,4.18382911716744,0.00748983151642831,1
"3755","3755",833.035212631237,1534.39292749562,131.677497766855,0.0858173258017905,-3.54258724455659,0.0215710510213496,1
"3778","3778",238.867798259826,391.130493829371,86.6051026902812,0.221422527919959,-2.17512608295308,0.0458083526940275,1
"3811","3811",471.137979288382,56.527960019315,885.74799855745,15.6692015465409,3.96985976134785,0.0412306363502284,1
"3812","3812",127.451855643889,13.9828986437927,240.920812643985,17.2296759621393,4.10682366399458,0.0373034201151915,1
"3835","3835",49.067532988635,14.1016389888471,84.0334269884229,5.95912482619108,2.57510046799874,0.0235453520144056,1
"3939","3939",80.8758796745015,7.66874948001857,154.083009868985,20.0923253876604,4.32857263910305,0.0244010241785888,1
"3940","3940",18.3699670342637,0.807283426042538,35.9326506424848,44.5105764386043,5.47607627956276,0.037330617248923,1
"3941","3941",448.520628093302,65.5874275901669,831.453828596437,12.6770306314177,3.66414495432352,0.0300480170961946,1
"4019","4019",193.241480450508,9.85123045255526,376.631730448462,38.2319480051113,5.25670680554161,0.033510602845892,1
"4021","4021",74.3543711269114,6.35764460234377,142.351097651479,22.390540295222,4.48481743646924,0.00280517748004323,0.988150469416366
"4054","4054",26.5539617724115,4.05699268564204,49.050930859181,12.0904656872504,3.59579790868432,0.0320306700414892,1
"4096","4096",65.2008525432736,4.44282456351013,125.958880523037,28.3510813273079,4.82533185636154,0.00424633972365393,1
"4097","4097",24.7632645519863,2.8028798119133,46.7236492920593,16.6698725694431,4.05917117076927,0.0221160381739083,1
"4098","4098",15.9531900330349,2.64526500197072,29.2611150640991,11.0616951580653,3.46750058432401,0.0125297476198377,1
"4234","4234",15.559478339899,3.32654772250497,27.792408957293,8.3547302716477,3.0625932523394,0.031484338399193,1
"4245","4245",150.812650342039,4.13303437033717,297.492266313741,71.9791416323188,6.16950699278517,0.0274973923485489,1
"4410","4410",583.165475827641,22.5738937063571,1143.75705794893,50.6672474331191,5.66298154951346,0.0154435871067487,1
"4435","4435",5.68584507515432,0.28361551545087,11.0880746348578,39.0954444690052,5.28892860459723,0.0342530669468996,1
"4445","4445",115.363460662887,9.90915459819247,220.817766727582,22.2842185515868,4.47795046523809,0.00517356036103022,1
