"","id","baseMean","baseMeanA","baseMeanB","foldChange","log2FoldChange","pval","padj"
"67","67",93.0167767903321,40.0257479262702,146.007805654394,3.64784702895119,1.86704523191473,0.00676980350571166,1
"267","267",108.389237755229,67.2291108866702,149.549364623788,2.22447333679434,1.15346380604118,0.0410529208228499,1
"268","268",160.219009455252,101.374398499137,219.063620411368,2.16093632765903,1.11165656357925,0.0460174121299542,1
"270","270",158.144695455965,85.0271932113113,231.262197700619,2.71986159916959,1.44353324144924,0.0166211201550069,1
"657","657",115.823072404325,178.473248910618,53.1728958980323,0.297932021872153,-1.7469449014329,0.0338355450382379,1
"692","692",1129.0610361424,1557.43703726765,700.685035017153,0.449896219398011,-1.15233585128371,0.0221415499218481,1
"693","693",382.529516010732,571.579463105697,193.479568915767,0.338499861182012,-1.56277285273278,0.0253968658422833,1
"803","803",86.2522925187743,142.42889527558,30.0756897619687,0.211162838157078,-2.24357213293636,0.0036854935386699,1
"992","992",123.706602006935,28.9991168940765,218.414087119794,7.53174960180971,2.91298503736156,0.0298745410136863,1
"1215","1215",4516.15852630535,6919.04876616475,2113.26828644595,0.305427575070748,-1.71109777531344,0.0170237401499304,1
"1379","1379",235.343916339174,167.043765988016,303.644066690333,1.81775156285758,0.86215503587675,0.0444698658359645,1
"1632","1632",309.753295925475,512.87451160637,106.632080244581,0.20791066397626,-2.26596433731106,0.0105947866846928,1
"1922","1922",1238.67839918616,1775.25595768367,702.100840688648,0.395492738751172,-1.33827688783491,0.0357761610853497,1
"1924","1924",971.775446974633,1342.95040642574,600.600487523526,0.447224621735677,-1.16092847764068,0.0395712983436723,1
"2098","2098",127.465479662325,47.5091988020845,207.421760522566,4.36592840444754,2.12628847219875,0.0195082072643019,1
"2111","2111",162.961647370543,94.2049371244408,231.718357616644,2.45972625946933,1.29849776837727,0.0305415421011104,1
"2180","2180",2.47362273880775,4.77613262750232,0.171112850113179,0.0358266537926235,-4.80282288756651,0.018983711681048,1
"2319","2319",5.78682829727014,2.69180541627014,8.88185117827015,3.29958886499945,1.72228627314435,0.0297118870130861,1
"2473","2473",1855.77833251873,2965.97653410022,745.580130937228,0.251377622973478,-1.9920718646279,0.0398155456292104,1
"2827","2827",31.0326305982182,13.0509995188378,49.0142616775986,3.75559447434288,1.90904129051034,0.0205227279076727,1
"2992","2992",9.08002767942524,2.69180541627014,15.4682499425803,5.74642202927643,2.5226639513086,0.016371950365106,1
"3048","3048",475.514815914287,199.048408072044,751.981223756531,3.77788112469786,1.91757730640943,0.011775569794809,1
"3216","3216",53.6800973334154,89.7060059272093,17.6541887396215,0.196800521404852,-2.34519405191754,0.000496227666431333,1
"3261","3261",144.86664151944,236.166364445579,53.566918593301,0.226818576468558,-2.14038929287191,0.000323676648615604,1
"3306","3306",101.848223814638,53.6159045285942,150.080543100682,2.79917954234348,1.48500402586807,0.0428785810687176,1
"3309","3309",1317.41211702278,518.184592678439,2116.63964136712,4.08472129676115,2.03023764569104,0.00517696330492392,1
"3406","3406",33656.2049533156,17530.7683326329,49781.6415739982,2.83967254768471,1.50572457724117,0.0274391750356855,1
"3628","3628",6150.65398381236,2425.5322998045,9875.77566782022,4.07159107657161,2.02559267402985,0.040070855071846,1
"4025","4025",29.4939102141872,48.5823867355587,10.4054336928157,0.214181195943585,-2.22309627077389,0.0165009969047289,1
"4454","4454",17.9234699359622,31.1415410762557,4.70539879566862,0.151097172235202,-2.72645143399035,0.0200021595073549,1
